/*****************************************************************************
 *
 * DATA CREATED by PYTHON SCRIPT
 * 
 *****************************************************************************/
n = 50;

dist = [
36
9999999999
23
9
58
37
33
37
47
12
10
53
1
66
37
9999999999
6
21
11
79
10
36
39
9999999999
7
32
12
64
18
76
9999999999
9999999999
9999999999
3
41
45
26
9999999999
53
44
11
9999999999
43
21
9999999999
10
6
39
13
63
13
45
50
25
7
5
55
38
30
27
37
40
37
9999999999
42
19
47
53
42
2
13
12
43
46
40
38
28
50
62
69
73
37
15
41
14
76
27
34
29
20
55
57
51
46
40
51
49
50
9999999999
17
38
60
64
8
53
9999999999
48
9999999999
27
26
73
45
48
9999999999
38
51
63
52
59
42
17
9999999999
27
35
35
13
6
10
9999999999
56
22
53
13
42
29
34
43
8
30
9999999999
9999999999
9999999999
12
40
32
45
24
10
14
42
25
17
40
24
53
24
9999999999
29
6
34
66
29
13
26
25
30
33
27
51
15
63
49
56
60
24
28
32
3
63
40
31
16
7
42
44
38
33
27
38
36
49
28
42
46
38
21
19
44
10
57
28
55
13
30
4
70
19
45
34
41
10
23
5
55
17
67
9999999999
9999999999
9999999999
12
38
36
35
9999999999
44
35
16
25
34
12
9999999999
3
5
30
8
25
47
51
11
70
62
35
59
14
21
60
62
51
53
21
68
50
39
46
59
26
46
14
40
18
30
19
23
61
43
13
46
26
29
16
47
40
15
47
37
52
52
19
57
22
26
30
49
41
16
38
29
12
35
41
30
32
42
47
25
14
21
38
21
25
27
19
39
37
44
48
40
18
16
25
51
16
9
26
19
30
9999999999
26
31
31
26
36
4
52
31
23
34
34
47
34
17
39
12
44
60
39
5
20
19
40
43
37
45
25
57
59
66
70
34
22
38
7
73
34
31
26
17
52
54
48
43
37
48
46
56
33
27
32
38
45
38
15
43
16
48
58
43
3
18
17
44
47
41
43
29
55
63
70
74
38
20
42
11
77
32
35
30
21
56
58
52
47
41
52
50
59
51
40
48
19
18
65
51
9999999999
42
32
57
55
44
51
48
9999999999
35
19
9999999999
29
9999999999
14
18
50
48
14
45
21
34
21
36
35
4
36
26
41
41
9999999999
46
8
65
11
78
49
48
10
19
17
91
10
36
51
50
11
44
24
76
30
88
40
55
47
9
53
57
24
50
65
56
23
30
55
25
33
18
18
51
17
57
11
70
41
40
16
11
21
83
16
28
43
42
17
36
9999999999
68
22
80
9999999999
9999999999
9999999999
11
45
49
16
9999999999
57
48
15
22
47
31
9999999999
20
9999999999
43
23
54
21
22
25
57
46
48
26
63
29
14
15
54
31
41
21
35
23
47
54
58
56
12
26
41
61
6
19
42
35
40
9999999999
36
47
47
36
52
67
38
9999999999
5
22
10
80
9
37
40
9999999999
6
33
13
65
19
77
9999999999
9999999999
9999999999
2
42
46
27
9999999999
54
45
12
9999999999
44
20
9999999999
9
7
40
12
29
46
70
59
61
13
76
42
9999999999
9999999999
67
34
54
2
48
10
9999999999
33
37
69
9999999999
21
54
40
9999999999
22
55
48
23
55
45
60
60
27
65
47
41
30
32
42
47
37
26
33
38
9999999999
25
27
19
39
25
32
36
40
30
8
27
39
9999999999
7
26
19
18
9999999999
9999999999
31
31
14
36
9999999999
29
57
45
9999999999
12
21
14
9999999999
56
50
46
38
48
72
79
83
9999999999
17
51
24
86
31
44
9999999999
30
65
67
61
56
50
61
59
27
9
83
6
42
43
9999999999
3
36
16
68
22
80
32
47
39
5
45
49
32
42
57
48
9999999999
9999999999
47
15
25
10
10
43
7
32
72
27
17
32
31
28
9999999999
25
57
9999999999
69
47
54
58
22
34
38
5
61
46
37
14
11
9999999999
42
36
31
25
9999999999
34
74
15
47
36
43
6
27
7
59
19
71
9999999999
9999999999
9999999999
10
40
40
37
9999999999
48
39
18
27
38
10
9999999999
1
7
34
4
89
55
40
41
80
47
67
15
61
3
51
36
44
82
38
34
67
41
26
35
68
61
36
68
58
73
73
40
78
42
49
48
9
42
22
74
28
86
38
53
45
7
51
55
32
48
63
54
21
28
53
21
31
16
16
49
11
15
14
43
46
40
40
28
52
62
69
73
37
17
41
12
76
29
34
29
20
55
57
51
46
40
51
49
7
40
35
29
9999999999
21
37
51
58
62
42
4
30
27
65
14
23
28
21
44
46
40
35
33
40
38
9999999999
42
36
9999999999
24
38
58
65
69
9999999999
3
37
26
72
17
30
9999999999
20
51
53
47
42
36
47
45
33
13
65
19
77
29
44
36
6
42
46
33
39
54
45
9999999999
9999999999
44
14
22
7
7
40
6
20
32
9999999999
44
16
23
27
35
39
13
36
30
9999999999
9999999999
21
26
9999999999
21
11
26
26
7
31
52
12
64
9999999999
9999999999
9999999999
15
33
33
30
9999999999
41
32
11
20
31
17
9999999999
6
6
27
11
46
12
9999999999
33
37
67
9999999999
19
52
40
9999999999
20
53
46
21
53
43
58
58
25
63
58
34
41
45
21
23
27
18
48
35
26
7
8
9999999999
29
23
18
12
9999999999
21
48
33
41
79
35
31
64
38
23
32
65
58
33
65
55
70
70
37
75
15
11
9999999999
55
9999999999
52
14
41
28
33
42
9999999999
17
11
9999999999
9999999999
9999999999
27
8
9999999999
62
28
59
7
48
35
40
49
14
32
9999999999
9999999999
9999999999
18
42
9999999999
66
32
63
3
52
39
44
53
18
24
22
9999999999
9999999999
22
34
44
48
27
9999999999
56
47
14
9999999999
46
20
9999999999
9
9
42
12
34
29
69
14
27
30
23
48
50
44
39
35
44
42
9999999999
35
20
7
34
27
14
34
24
39
39
10
44
66
41
32
19
10
45
47
41
36
30
41
39
55
42
47
56
21
27
25
9999999999
9999999999
25
37
13
42
35
34
9999999999
9999999999
47
47
30
52
33
26
21
9999999999
9999999999
38
38
17
43
9999999999
32
28
22
17
11
28
20
35
37
31
26
20
31
29
32
22
37
37
9999999999
42
10
11
17
28
10
9999999999
9999999999
18
20
6
33
5
33
9
38
];


/*n = 52;

dist = [
666
281
396
291
326
641
427
600
561
1041
655
975
1121
299
260
430
162
305
210
287
46
181
275
410
729
799
707
406
360
146
91
827
135
122
125
208
240
166
209
395
566
464
154
240
280
791
267
64
217
789
1220
649
1047
945
978
45
956
1135
1133
1639
1259
1440
1516
958
724
495
595
843
564
392
636
510
922
1029
1192
1302
1244
635
390
541
730
1489
782
777
785
858
897
828
870
896
103
1124
745
823
859
1151
910
728
596
1422
1716
604
509
543
611
308
486
487
1267
891
1248
1400
505
537
217
135
207
441
289
241
361
506
653
1006
1068
970
651
504
209
245
903
394
374
368
447
462
392
427
247
550
557
434
220
553
1072
505
288
463
995
1484
104
70
1026
525
611
534
663
294
711
897
100
384
800
532
475
501
681
437
538
125
109
516
527
417
580
690
541
371
517
267
275
271
190
155
230
188
545
950
245
307
411
231
660
137
345
478
397
909
35
924
471
584
513
761
382
769
944
25
309
700
430
401
407
577
332
437
32
150
552
584
479
510
594
437
270
590
163
171
166
87
51
127
85
480
848
267
212
331
171
674
47
242
387
500
984
957
492
596
523
726
349
744
923
40
329
735
466
428
435
612
368
469
57
124
533
559
452
528
624
472
305
568
197
206
201
121
86
162
120
504
881
260
241
360
182
662
71
277
414
465
955
918
1096
1096
1627
1245
1440
1522
935
714
451
562
807
552
362
609
491
901
1012
1190
1298
1237
637
386
512
701
1460
760
754
762
836
875
804
847
858
76
1095
727
789
844
1157
890
702
585
1405
1715
183
180
1145
812
1234
1414
453
661
507
381
126
636
580
415
587
487
616
1023
1049
941
831
759
457
339
645
455
435
422
461
446
414
422
64
856
359
530
187
599
1136
495
383
644
860
1430
83
1166
874
1317
1507
561
818
670
565
308
810
763
593
767
606
714
1126
1135
1024
998
940
640
510
570
607
589
575
596
572
558
555
239
1036
390
686
361
734
1257
618
551
815
883
1487
1083
792
1237
1428
490
764
686
548
291
770
751
560
735
538
639
1050
1055
945
950
912
619
471
501
552
536
521
534
506
500
492
244
1032
308
632
329
670
1185
550
507
772
800
1404
387
443
620
762
915
1461
1190
1124
1076
1314
1086
1144
770
631
541
417
418
1042
1251
1187
1031
706
906
920
920
835
810
885
846
1180
1552
789
913
1068
787
705
775
1000
1043
285
399
452
653
388
538
1078
807
769
694
927
700
758
388
245
335
283
182
688
875
800
651
584
520
535
536
451
430
503
465
836
1170
484
526
705
401
517
391
617
663
188
619
206
784
759
1400
1137
1169
920
1195
1020
1008
760
620
254
185
294
805
1056
1104
1004
1010
854
874
881
807
804
863
836
1248
1371
931
822
1098
696
324
756
959
885
540
279
962
884
1534
1281
1341
1035
1313
1165
1127
931
799
396
374
484
887
1146
1239
1161
1216
1010
1031
1039
971
975
1026
1004
1423
1457
1125
966
1268
849
365
925
1114
1000
745
319
332
700
432
388
425
586
339
451
56
164
571
599
492
533
612
443
270
569
176
181
175
103
61
133
90
464
860
242
231
320
196
696
72
246
406
497
995
651
408
549
165
435
297
249
278
326
506
598
526
201
337
357
331
897
211
229
243
244
284
265
282
641
640
570
132
476
156
539
262
282
130
710
1023
272
421
512
253
383
418
691
834
1149
1226
1136
707
492
296
430
1120
561
545
543
627
650
576
615
443
408
773
579
437
708
1188
687
462
544
1197
1649
258
306
205
116
229
420
563
890
960
867
517
385
80
163
903
290
273
271
356
380
305
345
330
493
541
315
228
441
946
416
190
329
929
1381
512
461
290
461
410
551
945
985
879
711
633
332
220
701
351
330
318
371
366
319
336
92
742
368
420
75
504
1045
415
267
522
843
1382
279
224
94
378
467
666
762
691
210
189
236
300
990
257
262
275
323
366
314
348
601
477
638
194
450
295
680
365
264
35
859
1186
251
187
558
685
941
1031
952
459
242
150
340
1098
416
406
411
492
527
453
496
525
290
733
402
433
530
958
549
344
313
1072
1457
175
318
455
774
844
753
429
353
104
97
853
180
165
167
251
281
206
249
378
535
488
199
233
326
832
311
94
237
832
1266
412
522
754
846
770
296
179
152
267
1002
275
273
283
349
390
326
366
545
415
641
236
407
357
774
401
244
127
914
1271
147
537
576
472
478
567
421
263
621
142
153
151
67
45
115
79
492
825
298
184
338
140
653
16
230
358
515
982
412
435
329
509
654
556
409
606
275
290
292
207
191
261
226
628
936
354
286
481
173
551
148
373
439
393
835
126
159
559
805
853
766
917
614
635
644
576
580
630
609
1029
1120
756
575
872
454
186
531
719
631
496
525
110
674
912
931
823
862
674
694
700
624
620
680
653
1063
1226
751
647
914
519
292
572
779
726
410
426
630
853
844
725
767
579
598
603
524
517
580
550
956
1163
641
559
809
429
344
470
683
656
337
514
260
445
492
1096
402
416
431
444
484
459
481
802
571
771
322
644
349
523
462
448
191
871
1082
305
447
1173
439
441
453
509
552
494
532
713
315
816
383
583
481
782
553
423
215
1044
1330
190
948
281
268
271
354
386
310
353
409
439
583
285
293
416
896
414
198
262
936
1356
759
151
130
123
203
221
148
186
311
628
394
207
151
312
845
261
50
306
767
1238
734
732
720
669
625
679
642
704
1387
365
799
688
747
1095
636
764
974
475
1089
21
34
76
115
59
92
442
684
382
80
276
161
697
133
105
244
656
1093
15
86
121
53
93
421
678
376
96
256
182
718
146
85
252
668
1112
85
115
43
85
408
686
364
111
243
191
730
145
81
266
665
1116
43
56
41
458
760
327
130
297
139
676
60
166
305
581
1036
76
35
449
799
286
173
294
164
691
49
191
348
551
1026
43
407
729
324
136
244
186
726
113
115
302
626
1092
421
771
293
162
263
179
714
81
157
334
585
1060
796
402
512
166
593
1133
499
359
612
896
1453
1022
651
721
769
1093
814
627
510
1329
1645
455
337
437
904
313
400
626
504
1097
347
131
640
170
157
175
678
1071
430
970
343
196
457
790
1315
540
125
265
266
564
941
642
796
646
682
598
225
343
523
980
265
742
1197
830
1151
625
];
*/
 